1.0 0.0 0.0 -6.713097352273469e-20 0.0 1.0 0.0 0.044918905943632126 0.0 0.0 1.0 0.0023353565484285355 0.0 0.0 0.0 1.0 
1.0 -6.367603333501393e-08 -4.270717113286082e-09 0.0 6.367603333501393e-08 0.9910436868667603 0.13353827595710754 0.0 -4.270719777821341e-09 -0.13353827595710754 0.9910436868667603 0.0 0.0 0.0 0.0 1.0 
0.9999772906303406 -5.1701554184546694e-05 -0.006735366303473711 0.0 -5.179112122277729e-05 0.9998819828033447 -0.015364480204880238 0.0 0.006735365837812424 0.015364480204880238 0.9998592734336853 0.0 0.0 0.0 0.0 1.0 
0.9342919588088989 0.31700316071510315 -0.16311806440353394 0.0 -0.31700316071510315 0.9480476379394531 0.02673274651169777 0.0 0.16311806440353394 0.02673274464905262 0.9862443208694458 0.0 0.0 0.0 0.0 1.0 
1.0 0.0 0.0 0.0 0.0 1.0 0.0 0.0 0.0 0.0 1.0 0.0 0.0 0.0 0.0 1.0 
0.9995760321617126 0.0022129195276647806 0.029032543301582336 0.0 0.0065191504545509815 0.9547846913337708 -0.29722675681114197 0.0 -0.02837756648659706 0.29729002714157104 0.9543654322624207 0.0 0.0 0.0 0.0 1.0 
0.33447161316871643 0.9424020648002625 -0.002678580116480589 0.0 -0.9424012303352356 0.3344775438308716 0.002191947540268302 0.0 0.0029616206884384155 0.001791152753867209 0.9999940395355225 0.0 0.0 0.0 0.0 1.0 
0.9034254550933838 -0.4287061393260956 0.005785720888525248 0.0 0.42874354124069214 0.9033769965171814 -0.009432408958673477 0.0 -0.0011829565046355128 0.011002068407833576 0.9999387860298157 0.0 0.0 0.0 0.0 1.0 
0.9999772906303406 5.1703755161724985e-05 0.006735403556376696 0.0 5.1789902499876916e-05 0.9998819828033447 -0.015364538878202438 0.0 -0.006735403090715408 0.015364538878202438 0.9998592734336853 0.0 0.0 0.0 0.0 1.0 
0.9342920184135437 -0.31700313091278076 0.16311804950237274 0.0 0.31700313091278076 0.9480476975440979 0.026732755824923515 0.0 -0.16311804950237274 0.026732726022601128 0.9862443208694458 0.0 0.0 0.0 0.0 1.0 
1.0 0.0 0.0 0.0 0.0 1.0 0.0 0.0 0.0 0.0 1.0 0.0 0.0 0.0 0.0 1.0 
0.9999694228172302 0.00026958496891893446 -0.007815768010914326 0.0 -0.000899394100997597 0.9967387914657593 -0.08069083839654922 0.0 0.007768526207655668 0.08069539815187454 0.9967085123062134 0.0 0.0 0.0 0.0 1.0 
0.9727246165275574 -0.23196189105510712 0.0006883125752210617 0.0 0.23196186125278473 0.9727248549461365 0.0001310334337176755 0.0 -0.0006999335018917918 3.220276630599983e-05 0.9999997615814209 0.0 0.0 0.0 0.0 1.0 
0.9989882707595825 -0.0449695885181427 0.0003413714002817869 0.0 0.04496919736266136 0.9989877939224243 0.001079930574633181 0.0 -0.00038958986988291144 -0.0010634867940098047 0.9999993443489075 0.0 0.0 0.0 0.0 1.0 
