1.0 0.0 0.0 0.0 0.0 1.0 0.0 0.007018578238785267 0.0 0.0 1.0 0.00036489940248429775 0.0 0.0 0.0 1.0 
1.0 -6.367603333501393e-08 -4.270717113286082e-09 0.0 6.367603333501393e-08 0.9910436868667603 0.13353827595710754 0.0 -4.270719777821341e-09 -0.13353827595710754 0.9910436868667603 0.0 0.0 0.0 0.0 1.0 
0.9946556091308594 -0.012192043475806713 0.1025259867310524 0.0 -0.012190824374556541 0.9721893668174744 0.2338787168264389 0.0 -0.10252612829208374 -0.23387864232063293 0.9668449759483337 0.0 0.0 0.0 0.0 1.0 
0.8777409791946411 0.42604130506515503 -0.21922501921653748 0.0 -0.42604130506515503 0.9033353328704834 0.049740057438611984 0.0 0.21922503411769867 0.0497400276362896 0.9744056463241577 0.0 0.0 0.0 0.0 1.0 
1.0 0.0 0.0 0.0 0.0 1.0 0.0 0.0 0.0 0.0 1.0 0.0 0.0 0.0 0.0 1.0 
0.9986582398414612 0.01008494384586811 0.050794195383787155 0.0 0.01754947006702423 0.8569067716598511 -0.5151726007461548 0.0 -0.048721376806497574 0.5153727531433105 0.8555799722671509 0.0 0.0 0.0 0.0 1.0 
0.7849576473236084 0.6195467710494995 -0.0018079130677506328 0.0 -0.6195464730262756 0.7849595546722412 0.0007753215031698346 0.0 0.0018994866404682398 0.000511491612996906 0.9999980926513672 0.0 0.0 0.0 0.0 1.0 
0.9999754428863525 0.0070077208802104 -5.636877176584676e-05 0.0 -0.007007711101323366 0.9999754428863525 0.00016720712301321328 0.0 5.75391277379822e-05 -0.00016680800763424486 1.0 0.0 0.0 0.0 0.0 1.0 
0.9931869506835938 0.015540934167802334 0.11549076437950134 0.0 0.015542319044470787 0.9645470380783081 -0.26345303654670715 0.0 -0.11549057811498642 0.26345309615135193 0.9577339887619019 0.0 0.0 0.0 0.0 1.0 
0.9738059043884277 -0.2021843045949936 0.10403654724359512 0.0 0.2021843045949936 0.9792895317077637 0.010656849481165409 0.0 -0.10403654724359512 0.010656848549842834 0.9945163726806641 0.0 0.0 0.0 0.0 1.0 
1.0 0.0 0.0 0.0 0.0 1.0 0.0 0.0 0.0 0.0 1.0 0.0 0.0 0.0 0.0 1.0 
0.9999643564224243 -0.0009980694158002734 0.008384482935070992 0.0 0.00026387846446596086 0.996198296546936 0.08711401373147964 0.0 -0.008439553901553154 -0.08710869401693344 0.9961630702018738 0.0 0.0 0.0 0.0 1.0 
0.9312179684638977 -0.36446109414100647 0.001075912150554359 0.0 0.3644610047340393 0.9312186241149902 0.00028329924680292606 0.0 -0.001105161034502089 0.00012831471394747496 0.9999994039535522 0.0 0.0 0.0 0.0 1.0 
0.9419459700584412 0.33573922514915466 -0.004112263675779104 0.0 -0.335761696100235 0.9419168829917908 -0.007529636844992638 0.0 0.0013454154832288623 0.008473251946270466 0.9999632239341736 0.0 0.0 0.0 0.0 1.0 
