1.0 0.0 0.0 -6.713097352273469e-20 0.0 1.0 0.0 0.015811456367373466 0.0 0.0 1.0 0.0008220454910770059 0.0 0.0 0.0 1.0 
1.0 -6.367603333501393e-08 -4.270717113286082e-09 0.0 6.367603333501393e-08 0.9910436868667603 0.13353827595710754 0.0 -4.270719777821341e-09 -0.13353827595710754 0.9910436868667603 0.0 0.0 0.0 0.0 1.0 
0.9954560995101929 -0.010364776477217674 -0.09465570747852325 0.0 -0.010365918278694153 0.9763549566268921 -0.21592485904693604 0.0 0.0946555808186531 0.21592490375041962 0.971811056137085 0.0 0.0 0.0 0.0 1.0 
0.9674109220504761 0.22515250742435455 -0.1158551424741745 0.0 -0.22515250742435455 0.9742333292961121 0.013258595019578934 0.0 0.1158551424741745 0.013258565217256546 0.9931776523590088 0.0 0.0 0.0 0.0 1.0 
1.0 0.0 0.0 0.0 0.0 1.0 0.0 0.0 0.0 0.0 1.0 0.0 0.0 0.0 0.0 1.0 
0.9999366402626038 0.0014931944897398353 -0.011158237233757973 0.0 -0.0001880714698927477 0.9932419657707214 0.11606169492006302 0.0 0.011256132274866104 -0.11605224013328552 0.9931793212890625 0.0 0.0 0.0 0.0 1.0 
0.975629448890686 0.21942375600337982 -0.000651325099170208 0.0 -0.21942372620105743 0.9756296277046204 0.0001195706136059016 0.0 0.0006616886821575463 2.625956039992161e-05 0.9999997615814209 0.0 0.0 0.0 0.0 1.0 
0.9897175431251526 -0.14302858710289001 0.001407625270076096 0.0 0.14303258061408997 0.9897124171257019 -0.0033250069245696068 0.0 -0.0009175731102004647 0.003492153948172927 0.9999935030937195 0.0 0.0 0.0 0.0 1.0 
0.9966428279876709 0.007658706046640873 -0.08151312917470932 0.0 0.007657737471163273 0.9825303554534912 0.18594478070735931 0.0 0.08151322603225708 -0.18594473600387573 0.9791731834411621 0.0 0.0 0.0 0.0 1.0 
0.8901790976524353 -0.40512344241142273 0.20846150815486908 0.0 0.40512344241142273 0.9131696224212646 0.044679705053567886 0.0 -0.20846150815486908 0.044679705053567886 0.9770094752311707 0.0 0.0 0.0 0.0 1.0 
1.0 0.0 0.0 0.0 0.0 1.0 0.0 0.0 0.0 0.0 1.0 0.0 0.0 0.0 0.0 1.0 
0.9985893368721008 -0.010707439854741096 -0.0520068034529686 0.0 -0.018345879390835762 0.8495596647262573 -0.5271734595298767 0.0 0.049827560782432556 0.5273838639259338 0.8481647372245789 0.0 0.0 0.0 0.0 1.0 
0.5240404605865479 -0.8516899347305298 0.0024471848737448454 0.0 0.851689338684082 0.5240447521209717 0.0016053569270297885 0.0 -0.002649700501933694 0.0012429687194526196 0.9999957084655762 0.0 0.0 0.0 0.0 1.0 
0.9847452640533447 0.17399325966835022 -0.0017776301829144359 0.0 -0.17399917542934418 0.9847375750541687 -0.004022659733891487 0.0 0.001050583436153829 0.004270601086318493 0.9999903440475464 0.0 0.0 0.0 0.0 1.0 
