1.0 0.0 0.0 0.0 0.0 1.0 0.0 0.022459452971816063 0.0 0.0 1.0 0.0011676782742142677 0.0 0.0 0.0 1.0 
1.0 -6.367603333501393e-08 -4.270717113286082e-09 0.0 6.367603333501393e-08 0.9910436868667603 0.13353827595710754 0.0 -4.270719777821341e-09 -0.13353827595710754 0.9910436868667603 0.0 0.0 0.0 0.0 1.0 
0.9966428279876709 -0.0076587083749473095 0.08151313662528992 0.0 -0.007657741196453571 0.9825303554534912 0.18594487011432648 0.0 -0.08151322603225708 -0.1859448254108429 0.9791731834411621 0.0 0.0 0.0 0.0 1.0 
0.8901790976524353 0.40512344241142273 -0.2084614634513855 0.0 -0.40512344241142273 0.9131696224212646 0.04467971250414848 0.0 0.2084614634513855 0.044679682701826096 0.9770094752311707 0.0 0.0 0.0 0.0 1.0 
1.0 0.0 0.0 0.0 0.0 1.0 0.0 0.0 0.0 0.0 1.0 0.0 0.0 0.0 0.0 1.0 
0.9992414116859436 0.004958549980074167 0.038627296686172485 0.0 0.010665416717529297 0.9190977811813354 -0.39388513565063477 0.0 -0.03745536133646965 0.39399832487106323 0.9183476567268372 0.0 0.0 0.0 0.0 1.0 
0.879766047000885 0.47540491819381714 -0.0013968751300126314 0.0 -0.4754047691822052 0.879767119884491 0.00046101154293864965 0.0 0.0014480919344350696 0.0002584986505098641 0.999998927116394 0.0 0.0 0.0 0.0 1.0 
0.999748170375824 0.022439049556851387 -0.00017636839766055346 0.0 -0.022438952699303627 0.9997480511665344 0.0005368116544559598 0.0 0.00018836950766853988 -0.0005327189574018121 0.9999998211860657 0.0 0.0 0.0 0.0 1.0 
0.9954560995101929 0.010364783927798271 0.09465570747852325 0.0 0.010365920141339302 0.9763549566268921 -0.2159249186515808 0.0 -0.0946555808186531 0.2159249633550644 0.971811056137085 0.0 0.0 0.0 0.0 1.0 
0.9674109220504761 -0.22515252232551575 0.1158551424741745 0.0 0.22515252232551575 0.9742333292961121 0.013258581049740314 0.0 -0.1158551424741745 0.01325858011841774 0.9931776523590088 0.0 0.0 0.0 0.0 1.0 
1.0 0.0 0.0 0.0 0.0 1.0 0.0 0.0 0.0 0.0 1.0 0.0 0.0 0.0 0.0 1.0 
0.9999982118606567 0.00012371587217785418 -0.001899546361528337 0.0 -0.00016103076632134616 0.9998067617416382 -0.019656533375382423 0.0 0.0018967475043609738 0.019656803458929062 0.9998049736022949 0.0 0.0 0.0 0.0 1.0 
0.7498974204063416 -0.661551296710968 0.0019264287548139691 0.0 0.6615509986877441 0.7498996257781982 0.0008890650933608413 0.0 -0.002032790333032608 0.0006077233119867742 0.9999977350234985 0.0 0.0 0.0 0.0 1.0 
0.9274073243141174 0.37402263283729553 -0.004769836086779833 0.0 -0.3740507662296295 0.9273709058761597 -0.008323944173753262 0.0 0.0013100635260343552 0.009503846988081932 0.9999539852142334 0.0 0.0 0.0 0.0 1.0 
