1.0 0.0 0.0 -6.713097352273469e-20 0.0 1.0 0.0 0.02910744957625866 0.0 0.0 1.0 0.0015133109409362078 0.0 0.0 0.0 1.0 
1.0 -6.367603333501393e-08 -4.270717113286082e-09 0.0 6.367603333501393e-08 0.9910436868667603 0.13353827595710754 0.0 -4.270719777821341e-09 -0.13353827595710754 0.9910436868667603 0.0 0.0 0.0 0.0 1.0 
0.9979515075683594 -0.00467253290116787 -0.06380385160446167 0.0 -0.0046733058989048 0.9893403053283691 -0.14554697275161743 0.0 0.06380379945039749 0.14554698765277863 0.9872918128967285 0.0 0.0 0.0 0.0 1.0 
0.9569209814071655 0.25817421078681946 -0.132846862077713 0.0 -0.25817421078681946 0.9659394025802612 0.01752634346485138 0.0 0.1328468769788742 0.017526311799883842 0.9909815788269043 0.0 0.0 0.0 0.0 1.0 
1.0 0.0 0.0 0.0 0.0 1.0 0.0 0.0 0.0 0.0 1.0 0.0 0.0 0.0 0.0 1.0 
0.9999663233757019 0.0009598234319128096 -0.008148807100951672 0.0 -0.00026653072563931346 0.996410071849823 0.08465730398893356 0.0 0.008200809359550476 -0.08465228229761124 0.9963768124580383 0.0 0.0 0.0 0.0 1.0 
0.9751717448234558 0.22144894301891327 -0.0006573020364157856 0.0 -0.22144891321659088 0.9751719832420349 0.00012138763122493401 0.0 0.0006678636418655515 2.7185038561583497e-05 0.9999997615814209 0.0 0.0 0.0 0.0 1.0 
0.9986975789070129 -0.051019616425037384 0.00044577784137800336 0.0 0.051020123064517975 0.9986969232559204 -0.0012052498059347272 0.0 -0.0003837055410258472 0.0012264236574992537 0.9999991655349731 0.0 0.0 0.0 0.0 1.0 
0.9987213015556335 0.002917207544669509 -0.05047021061182022 0.0 0.0029166103340685368 0.9933460354804993 0.11513083428144455 0.0 0.050470247864723206 -0.11513081938028336 0.9920673370361328 0.0 0.0 0.0 0.0 1.0 
0.9070950150489807 -0.3742820620536804 0.19259168207645416 0.0 0.3742820620536804 0.9265442490577698 0.03779759630560875 0.0 -0.19259168207645416 0.03779759630560875 0.9805507659912109 0.0 0.0 0.0 0.0 1.0 
1.0 0.0 0.0 0.0 0.0 1.0 0.0 0.0 0.0 0.0 1.0 0.0 0.0 0.0 0.0 1.0 
0.9988535642623901 -0.008336309343576431 -0.04713892936706543 0.0 -0.015275095589458942 0.8777382969856262 -0.478896826505661 0.0 0.04536787420511246 0.4790678322315216 0.8766046762466431 0.0 0.0 0.0 0.0 1.0 
0.428489625453949 -0.9035429358482361 0.0025821514427661896 0.0 0.9035422205924988 0.4284946918487549 0.001902315765619278 0.0 -0.0028252622578293085 0.0015179608017206192 0.9999948740005493 0.0 0.0 0.0 0.0 1.0 
0.9553477168083191 0.2954636514186859 -0.003465438960120082 0.0 -0.2954809367656708 0.9553253054618835 -0.006678734440356493 0.0 0.0013372984249144793 0.007404484786093235 0.9999716877937317 0.0 0.0 0.0 0.0 1.0 
