1.0 0.0 0.0 0.0 0.0 1.0 0.0 0.015811452642083168 0.0 0.0 1.0 0.0008220454910770059 0.0 0.0 0.0 1.0 
1.0 -6.367603333501393e-08 -4.270717113286082e-09 0.0 6.367603333501393e-08 0.9910436868667603 0.13353827595710754 0.0 -4.270719777821341e-09 -0.13353827595710754 0.9910436868667603 0.0 0.0 0.0 0.0 1.0 
0.9949479699134827 -0.011523932218551636 -0.09972843527793884 0.0 -0.011525134555995464 0.9737106561660767 -0.22749662399291992 0.0 0.0997283011674881 0.2274966835975647 0.9686586260795593 0.0 0.0 0.0 0.0 1.0 
0.9690195322036743 0.2196151614189148 -0.11300581693649292 0.0 -0.2196151614189148 0.9755051732063293 0.012604136019945145 0.0 0.11300581693649292 0.012604134157299995 0.993514358997345 0.0 0.0 0.0 0.0 1.0 
1.0 0.0 0.0 0.0 0.0 1.0 0.0 0.0 0.0 0.0 1.0 0.0 0.0 0.0 0.0 1.0 
0.9999958276748657 0.00025813636602833867 -0.002868713578209281 0.0 -0.0001727056660456583 0.999557614326477 0.029740577563643456 0.0 0.0028751215431839228 -0.02973995916545391 0.9995535612106323 0.0 0.0 0.0 0.0 1.0 
0.8404397964477539 0.5419026017189026 -0.0015876197721809149 0.0 -0.5419024229049683 0.8404412269592285 0.000592677912209183 0.0 0.0016554747708141804 0.00036222493508830667 0.9999985694885254 0.0 0.0 0.0 0.0 1.0 
0.9146502017974854 -0.40421122312545776 0.0053191701881587505 0.0 0.4042443037033081 0.9146073460578918 -0.008939799852669239 0.0 -0.0012513839174062014 0.010327034629881382 0.999945878982544 0.0 0.0 0.0 0.0 1.0 
0.9962033033370972 0.00866141077131033 -0.08662545680999756 0.0 0.00866038165986538 0.9802430868148804 0.1976069062948227 0.0 0.08662555366754532 -0.19760684669017792 0.9764463901519775 0.0 0.0 0.0 0.0 1.0 
0.8872302174568176 -0.4102061688899994 0.21107685565948486 0.0 0.4102061688899994 0.9108380675315857 0.04587943106889725 0.0 -0.21107687056064606 0.04587940126657486 0.9763921499252319 0.0 0.0 0.0 0.0 1.0 
1.0 0.0 0.0 0.0 0.0 1.0 0.0 0.0 0.0 0.0 1.0 0.0 0.0 0.0 0.0 1.0 
0.9989986419677734 -0.007055614143610001 -0.04418031498789787 0.0 -0.013567392714321613 0.8932123780250549 -0.44943028688430786 0.0 0.042633410543203354 0.4495796859264374 0.8922222256660461 0.0 0.0 0.0 0.0 1.0 
0.8936625719070435 -0.4487376809120178 0.0013199863024055958 0.0 0.44873756170272827 0.8936634659767151 0.00041378088644705713 0.0 -0.0013653025962412357 0.00022254693612921983 0.9999990463256836 0.0 0.0 0.0 0.0 1.0 
0.9993783235549927 -0.03525464981794357 0.00027171007241122425 0.0 0.03525440767407417 0.9993780255317688 0.0008452367037534714 0.0 -0.00030133960535749793 -0.0008351322612725198 0.9999995827674866 0.0 0.0 0.0 0.0 1.0 
