1.0 0.0 0.0 -6.713097352273469e-20 0.0 1.0 0.0 0.02910745143890381 0.0 0.0 1.0 0.0015133110573515296 0.0 0.0 0.0 1.0 
1.0 -6.367603333501393e-08 -4.270717113286082e-09 0.0 6.367603333501393e-08 0.9910436868667603 0.13353827595710754 0.0 -4.270719777821341e-09 -0.13353827595710754 0.9910436868667603 0.0 0.0 0.0 0.0 1.0 
0.998151421546936 -0.004217290785163641 0.06062982603907585 0.0 -0.004216573666781187 0.9903804659843445 0.13830655813217163 0.0 -0.06062987446784973 -0.13830652832984924 0.9885318875312805 0.0 0.0 0.0 0.0 1.0 
0.9017393589019775 0.3843781650066376 -0.19778671860694885 0.0 -0.3843781650066376 0.9223097562789917 0.03997650742530823 0.0 0.19778671860694885 0.03997650370001793 0.9794296026229858 0.0 0.0 0.0 0.0 1.0 
1.0 0.0 0.0 0.0 0.0 1.0 0.0 0.0 0.0 0.0 1.0 0.0 0.0 0.0 0.0 1.0 
0.998927116394043 0.007684958633035421 0.04566808044910431 0.0 0.014411618933081627 0.8855822086334229 -0.4642590880393982 0.0 -0.044010650366544724 0.4644191563129425 0.8845213055610657 0.0 0.0 0.0 0.0 1.0 
0.48935699462890625 0.8720799088478088 -0.00250094011425972 0.0 -0.8720792531967163 0.4893615245819092 0.0017135032685473561 0.0 0.0027181757614016533 0.0013425035867840052 0.9999954104423523 0.0 0.0 0.0 0.0 1.0 
0.9589904546737671 -0.2834194004535675 0.0032807374373078346 0.0 0.28343528509140015 0.9589698910713196 -0.006421281956136227 0.0 -0.001326212310232222 0.0070878248661756516 0.9999740123748779 0.0 0.0 0.0 0.0 1.0 
0.9972451329231262 0.006283921655267477 0.0739101842045784 0.0 0.00628481013700366 0.9856643676757812 -0.16860105097293854 0.0 -0.07391010969877243 0.16860108077526093 0.9829094409942627 0.0 0.0 0.0 0.0 1.0 
0.9604905247688293 -0.24747221171855927 0.12734001874923706 0.0 0.24747221171855927 0.9687616229057312 0.016074109822511673 0.0 -0.12734001874923706 0.016074080020189285 0.9917288422584534 0.0 0.0 0.0 0.0 1.0 
1.0 0.0 0.0 0.0 0.0 1.0 0.0 0.0 0.0 0.0 1.0 0.0 0.0 0.0 0.0 1.0 
0.9999765157699585 -0.0007539540529251099 0.0068105715326964855 0.0 0.00027045217575505376 0.9974964261054993 0.07071662694215775 0.0 -0.0068468376994132996 -0.07071312516927719 0.9974731802940369 0.0 0.0 0.0 0.0 1.0 
0.9751673936843872 -0.2214680165052414 0.0006573581486009061 0.0 0.221467986702919 0.9751676321029663 0.00012140476610511541 0.0 -0.0006679216166958213 2.7193795176572166e-05 0.9999997615814209 0.0 0.0 0.0 0.0 1.0 
0.9964144229888916 0.08460310101509094 -0.0007730858633294702 0.0 -0.08460449427366257 0.9964126348495483 -0.0019870789255946875 0.0 0.0006021994631737471 0.002045360626652837 0.9999977350234985 0.0 0.0 0.0 0.0 1.0 
