1.0 0.0 0.0 0.0 0.0 1.0 0.0 0.037900324910879135 0.0 0.0 1.0 0.0019704571459442377 0.0 0.0 0.0 1.0 
1.0 -6.367603333501393e-08 -4.270717113286082e-09 0.0 6.367603333501393e-08 0.9910436868667603 0.13353827595710754 0.0 -4.270719777821341e-09 -0.13353827595710754 0.9910436868667603 0.0 0.0 0.0 0.0 1.0 
0.9987213015556335 -0.002917205449193716 0.050470203161239624 0.0 -0.002916610101237893 0.9933460354804993 0.11513080447912216 0.0 -0.05047024041414261 -0.11513078957796097 0.9920673370361328 0.0 0.0 0.0 0.0 1.0 
0.9070950150489807 0.3742820620536804 -0.19259165227413177 0.0 -0.3742820620536804 0.9265442490577698 0.037797607481479645 0.0 0.19259165227413177 0.03779757767915726 0.9805507659912109 0.0 0.0 0.0 0.0 1.0 
1.0 0.0 0.0 0.0 0.0 1.0 0.0 0.0 0.0 0.0 1.0 0.0 0.0 0.0 0.0 1.0 
0.999743640422821 0.0009580818586982787 0.02262243814766407 0.0 0.004322153050452471 0.9726584553718567 -0.23220005631446838 0.0 -0.022226372733712196 0.2322382926940918 0.972404956817627 0.0 0.0 0.0 0.0 1.0 
0.9495764374732971 0.31353428959846497 -0.0009274634649045765 0.0 -0.3135342001914978 0.9495768547058105 0.00021769395971205086 0.0 0.0009489523363299668 8.40744687593542e-05 0.9999995231628418 0.0 0.0 0.0 0.0 1.0 
0.9992815256118774 0.037898700684309006 -0.00029089266899973154 0.0 -0.03789842128753662 0.9992811679840088 0.0009090355597436428 0.0 0.0003251348389312625 -0.0008973580552265048 0.9999995231628418 0.0 0.0 0.0 0.0 1.0 
0.9979515075683594 0.004672535695135593 0.06380386650562286 0.0 0.004673303570598364 0.9893403053283691 -0.14554694294929504 0.0 -0.06380381435155869 0.14554695785045624 0.9872918128967285 0.0 0.0 0.0 0.0 1.0 
0.9569209814071655 -0.25817427039146423 0.1328468769788742 0.0 0.25817427039146423 0.9659394025802612 0.017526334151625633 0.0 -0.1328468918800354 0.017526332288980484 0.9909815788269043 0.0 0.0 0.0 0.0 1.0 
1.0 0.0 0.0 0.0 0.0 1.0 0.0 0.0 0.0 0.0 1.0 0.0 0.0 0.0 0.0 1.0 
0.9998796582221985 -8.268727833637968e-05 -0.015514407306909561 0.0 -0.0023961516562849283 0.9871643781661987 -0.15968956053256989 0.0 0.015328474342823029 0.15970751643180847 0.9870453476905823 0.0 0.0 0.0 0.0 1.0 
0.4758758246898651 -0.879508912563324 0.0025204287376254797 0.0 0.8795082569122314 0.47588050365448 0.001755419885739684 0.0 -0.00274333031848073 0.0013813755940645933 0.9999952912330627 0.0 0.0 0.0 0.0 1.0 
0.9112759828567505 0.4117599129676819 -0.0054609267972409725 0.0 -0.4117943048477173 0.9112314581871033 -0.0090923011302948 0.0 0.0012323224218562245 0.010534374043345451 0.999943733215332 0.0 0.0 0.0 0.0 1.0 
