1.0 0.0 0.0 -6.713097352273469e-20 0.0 1.0 0.0 0.04024733603000641 0.0 0.0 1.0 0.002092479495331645 0.0 0.0 0.0 1.0 
1.0 -6.367603333501393e-08 -4.270717113286082e-09 0.0 6.367603333501393e-08 0.9910436868667603 0.13353827595710754 0.0 -4.270719777821341e-09 -0.13353827595710754 0.9910436868667603 0.0 0.0 0.0 0.0 1.0 
0.9995925426483154 -0.0009296184871345758 0.028528288006782532 0.0 -0.0009292858303524554 0.9978797435760498 0.06507766991853714 0.0 -0.028528299182653427 -0.06507766246795654 0.99747234582901 0.0 0.0 0.0 0.0 1.0 
0.9181007146835327 0.3524269163608551 -0.18134580552577972 0.0 -0.3524269163608551 0.9352459907531738 0.03332001343369484 0.0 0.18134580552577972 0.03332001343369484 0.9828547835350037 0.0 0.0 0.0 0.0 1.0 
1.0 0.0 0.0 0.0 0.0 1.0 0.0 0.0 0.0 0.0 1.0 0.0 0.0 0.0 0.0 1.0 
0.9992544054985046 0.004848279990255833 0.03830384463071823 0.0 0.010508096776902676 0.9204834699630737 -0.39064013957977295 0.0 -0.037151988595724106 0.3907513916492462 0.9197461605072021 0.0 0.0 0.0 0.0 1.0 
0.3812125325202942 0.9244836568832397 -0.002634858712553978 0.0 -0.9244828820228577 0.3812180459499359 0.0020482640247792006 0.0 0.0028980423230677843 0.0016550578875467181 0.9999944567680359 0.0 0.0 0.0 0.0 1.0 
0.9221134185791016 -0.3868872821331024 0.005000484175980091 0.0 0.38691744208335876 0.9220743775367737 -0.008587579242885113 0.0 -0.0012883928138762712 0.009853496216237545 0.999950647354126 0.0 0.0 0.0 0.0 1.0 
0.9991177916526794 0.0020121692214161158 0.041947051882743835 0.0 0.0020126760937273502 0.9954093098640442 -0.09568806737661362 0.0 -0.041947029531002045 0.09568807482719421 0.9945271611213684 0.0 0.0 0.0 0.0 1.0 
0.9487555027008057 -0.2809930741786957 0.1445886194705963 0.0 0.2809930741786957 0.9594833254814148 0.02084839902818203 0.0 -0.1445886194705963 0.02084837108850479 0.9892721772193909 0.0 0.0 0.0 0.0 1.0 
1.0 0.0 0.0 0.0 0.0 1.0 0.0 0.0 0.0 0.0 1.0 0.0 0.0 0.0 0.0 1.0 
0.9999995231628418 -7.719730638200417e-05 0.0009646782418712974 0.0 6.755347567377612e-05 0.9999500513076782 0.009992977604269981 0.0 -0.0009654014720581472 -0.009992907755076885 0.99994957447052 0.0 0.0 0.0 0.0 1.0 
0.9742584228515625 -0.22543302178382874 0.0006690570735372603 0.0 0.22543297708034515 0.9742586612701416 0.0001250008645001799 0.0 -0.0006800139672122896 2.9044396796962246e-05 0.9999997615814209 0.0 0.0 0.0 0.0 1.0 
0.9999769926071167 -0.0067830500192940235 5.4567753977607936e-05 0.0 0.006783041171729565 0.9999769926071167 0.0001618562819203362 0.0 -5.566437539528124e-05 -0.00016148242866620421 1.0 0.0 0.0 0.0 0.0 1.0 
