-1 1.0 1.572087256442117e-18 -1.492476912748176e-18 0.0 -1.4924768093505994e-18 0.9986512064933777 0.051920417696237564 1.0892934799194336 1.5720873598396936e-18 -0.051920417696237564 0.9986512064933777 -4.7614530984674275e-08 0.0 0.0 0.0 1.0 1.0 -1.4924768093505994e-18 1.572087256442117e-18 1.6257453254050896e-18 1.5720871530445404e-18 0.9986512064933777 -0.051920417696237564 -1.0878242254257202 -1.4924770161457525e-18 0.051920417696237564 0.9986512064933777 -0.056556522846221924 -0.0 0.0 -0.0 1.0 
0 1.0 1.2924697071141057e-26 -2.384186927884002e-07 -4.2005265481208437e-26 -4.192534674984927e-08 0.9844174385070801 -0.175847589969635 0.6467493772506714 2.347034921967861e-07 0.175847589969635 0.9844173192977905 0.0 0.0 0.0 0.0 1.0 1.0 -2.9682894364668755e-08 2.3656372150071547e-07 5.9448588274335634e-08 -5.329070094684278e-15 0.9922195672988892 0.12449903041124344 -1.71748948097229 -2.384186927884002e-07 -0.12449902296066284 0.9922196865081787 0.2493453323841095 -0.0 0.0 -0.0 1.0 
0 -0.9158647656440735 0.4014900028705597 2.8014183044433594e-06 0.20001158118247986 -0.40094855427742004 -0.9146281480789185 -0.051919806748628616 0.5144997835159302 -0.02084299921989441 -0.04755253344774246 0.9986512064933777 0.026749316602945328 0.0 0.0 0.0 1.0 -0.9158623218536377 -0.4014894962310791 2.809506895573577e-06 0.8273681998252869 0.4014894664287567 -0.9158636331558228 -5.686072199750924e-07 1.3891897201538086 2.5277474833274027e-06 5.386443149291154e-07 1.0 -1.5151135812629946e-06 -0.0 0.0 -0.0 1.0 
2 2.473483618814498e-06 -0.062047213315963745 -0.9980732798576355 -2.9802372125686816e-08 -4.444599426278728e-07 0.998073160648346 -0.06204718351364136 0.3120425343513489 0.9999998807907104 5.997732728246774e-07 2.441145170450909e-06 -2.842170943040401e-14 0.0 0.0 0.0 1.0 8.269286411177745e-08 -4.497271888226351e-08 1.0000001192092896 4.9862645568055086e-08 0.4575425982475281 -0.8891876935958862 -1.4475732257324125e-07 1.0237360000610352 0.8891863226890564 0.45754268765449524 -3.2767272273304116e-07 -0.8926080465316772 -0.0 0.0 -0.0 1.0 
3 1.0 -3.5065195191918974e-08 -1.0154467418033164e-06 0.0 3.8195756246750534e-07 0.9390724301338196 0.3437194526195526 0.25459960103034973 9.415253998668049e-07 -0.3437194526195526 0.9390723705291748 -2.9802309953197437e-08 0.0 0.0 0.0 1.0 1.0946464499284048e-06 4.618341620243882e-08 1.0000001192092896 -4.96773111535731e-07 0.12403497099876404 -0.9922779202461243 -5.8375306366542645e-08 1.0290815830230713 0.992276668548584 0.12403461337089539 -1.3729112424698542e-06 -0.5738564729690552 -0.0 0.0 -0.0 1.0 
0 -0.9953432679176331 -0.09611646831035614 -0.007206931710243225 0.1516571342945099 0.0962582528591156 -0.9873776435852051 -0.12577584385871887 0.06892203539609909 0.004971399903297424 -0.12588432431221008 0.9920312762260437 0.003583451034501195 0.0 0.0 0.0 1.0 -0.9953446984291077 0.09638635069131851 -3.1285049772122875e-05 0.039305973798036575 -0.09611667692661285 -0.9925820231437683 -0.07444927096366882 1.1642930507659912 -0.007208771072328091 -0.07409975677728653 0.9972259998321533 0.08692353963851929 -0.0 0.0 0.0 1.0 
5 -0.00811697170138359 -0.09304744005203247 0.9956285357475281 -1.0090843716170639e-09 0.16030389070510864 0.9826633334159851 0.09314263612031937 0.5945510864257812 -0.9870343804359436 0.16035912930965424 0.006939619779586792 -8.149072527885437e-10 0.0 0.0 0.0 1.0 -0.00021339267550501972 -0.0867580771446228 -0.9962305426597595 0.005216258578002453 -0.002992055844515562 -0.9962249398231506 0.08675868064165115 0.5701461434364319 -0.9999962449073792 0.0029990673065185547 -4.5184599002823234e-05 0.09280464798212051 0.0 0.0 -0.0 1.0 
6 0.366550087928772 -0.9303977489471436 -0.0009591528214514256 2.878884686197125e-09 0.9301620721817017 0.36648017168045044 -0.022153744474053383 0.5101972818374634 0.020963307470083237 0.007228292990475893 0.9997541308403015 8.387121219755045e-09 0.0 0.0 0.0 1.0 -0.02382454089820385 -0.9583889842033386 -0.2844698429107666 0.05961968004703522 -0.008126250468194485 -0.28435540199279785 0.9586858153343201 0.017787694931030273 -0.9996838569641113 0.025151656940579414 -0.0010116664925590158 0.09144872426986694 0.0 0.0 -0.0 1.0 
0 -0.9158647656440735 -0.4014900028705597 -2.8014183044433594e-06 -0.20001158118247986 0.40094855427742004 -0.9146281480789185 -0.051919806748628616 0.5144997835159302 0.02084299921989441 -0.04755253344774246 0.9986512064933777 0.026749316602945328 0.0 0.0 0.0 1.0 -0.9158623218536377 0.4014894962310791 -2.809506895573577e-06 -0.8273681998252869 -0.4014894664287567 -0.9158636331558228 -5.686072199750924e-07 1.3891897201538086 -2.5277474833274027e-06 5.386443149291154e-07 1.0 -1.5151135812629946e-06 0.0 0.0 -0.0 1.0 
8 2.473483618814498e-06 0.062047213315963745 0.9980732798576355 2.9802372125686816e-08 4.444599426278728e-07 0.998073160648346 -0.06204718351364136 0.3120425343513489 -0.9999998807907104 5.997732728246774e-07 2.441145170450909e-06 -2.842170943040401e-14 0.0 0.0 0.0 1.0 8.269286411177745e-08 4.497271888226351e-08 -1.0000001192092896 -4.9862645568055086e-08 -0.4575425982475281 -0.8891876935958862 -1.4475732257324125e-07 1.0237360000610352 -0.8891863226890564 0.45754268765449524 -3.2767272273304116e-07 -0.8926080465316772 -0.0 0.0 -0.0 1.0 
9 1.0 3.5065195191918974e-08 1.0154467418033164e-06 0.0 -3.8195756246750534e-07 0.9390724301338196 0.3437194526195526 0.25459960103034973 -9.415253998668049e-07 -0.3437194526195526 0.9390723705291748 -2.9802309953197437e-08 0.0 0.0 0.0 1.0 1.0946464499284048e-06 -4.618341620243882e-08 -1.0000001192092896 4.96773111535731e-07 -0.12403497099876404 -0.9922779202461243 -5.8375306366542645e-08 1.0290815830230713 -0.992276668548584 0.12403461337089539 -1.3729112424698542e-06 -0.5738564729690552 -0.0 0.0 -0.0 1.0 
0 -0.9953432679176331 0.09611646831035614 0.007206931710243225 -0.1516571342945099 -0.0962582528591156 -0.9873776435852051 -0.12577584385871887 0.06892203539609909 -0.004971399903297424 -0.12588432431221008 0.9920312762260437 0.003583451034501195 0.0 0.0 0.0 1.0 -0.9953446984291077 -0.09638635069131851 3.1285049772122875e-05 -0.039305973798036575 0.09611667692661285 -0.9925820231437683 -0.07444927096366882 1.1642930507659912 0.007208771072328091 -0.07409975677728653 0.9972259998321533 0.08692353963851929 -0.0 0.0 -0.0 1.0 
11 -0.00811697170138359 0.09304744005203247 -0.9956285357475281 1.0090843716170639e-09 -0.16030389070510864 0.9826633334159851 0.09314263612031937 0.5945510864257812 0.9870343804359436 0.16035912930965424 0.006939619779586792 -8.149072527885437e-10 0.0 0.0 0.0 1.0 -0.00021339267550501972 0.0867580771446228 0.9962305426597595 -0.005216258578002453 0.002992055844515562 -0.9962249398231506 0.08675868064165115 0.5701461434364319 0.9999962449073792 0.0029990673065185547 -4.5184599002823234e-05 0.09280464798212051 -0.0 -0.0 -0.0 1.0 
12 0.366550087928772 0.9303977489471436 0.0009591528214514256 -2.878884686197125e-09 -0.9301620721817017 0.36648017168045044 -0.022153744474053383 0.5101972818374634 -0.020963307470083237 0.007228292990475893 0.9997541308403015 8.387121219755045e-09 0.0 0.0 0.0 1.0 -0.02382454089820385 0.9583889842033386 0.2844698429107666 -0.05961968004703522 0.008126250468194485 -0.28435540199279785 0.9586858153343201 0.017787694931030273 0.9996838569641113 0.025151656940579414 -0.0010116664925590158 0.09144872426986694 -0.0 -0.0 -0.0 1.0 
