1.0 0.0 0.0 0.0 0.0 1.0 0.0 0.02910744957625866 0.0 0.0 1.0 0.0015133110573515296 0.0 0.0 0.0 1.0 
1.0 -6.367603333501393e-08 -4.270717113286082e-09 0.0 6.367603333501393e-08 0.9910436868667603 0.13353827595710754 0.0 -4.270719777821341e-09 -0.13353827595710754 0.9910436868667603 0.0 0.0 0.0 0.0 1.0 
0.9972451329231262 -0.006283919792622328 -0.0739101842045784 0.0 -0.006284813396632671 0.9856643080711365 -0.16860106587409973 0.0 0.07391010969877243 0.16860109567642212 0.9829094409942627 0.0 0.0 0.0 0.0 1.0 
0.9604905247688293 0.24747222661972046 -0.12734001874923706 0.0 -0.24747222661972046 0.9687616229057312 0.01607409678399563 0.0 0.12734001874923706 0.01607409492135048 0.9917288422584534 0.0 0.0 0.0 0.0 1.0 
1.0 0.0 0.0 0.0 0.0 1.0 0.0 0.0 0.0 0.0 1.0 0.0 0.0 0.0 0.0 1.0 
0.9999756217002869 -0.00027088707429356873 0.006973208859562874 0.0 0.0007723807939328253 0.9974032044410706 -0.07201537489891052 0.0 -0.006935593206435442 0.07201900333166122 0.9973791241645813 0.0 0.0 0.0 0.0 1.0 
0.6391515135765076 0.7690776586532593 -0.0022246651351451874 0.0 -0.7690771818161011 0.6391547322273254 0.0012433346128091216 0.0 0.0023781261406838894 0.0009162598289549351 0.9999967813491821 0.0 0.0 0.0 0.0 1.0 
0.9070203304290771 -0.4210491180419922 0.005637827329337597 0.0 0.4210851490497589 0.906973659992218 -0.009279119782149792 0.0 -0.0012063957983627915 0.010790355503559113 0.9999410510063171 0.0 0.0 0.0 0.0 1.0 
0.998151421546936 0.004217294044792652 -0.060629840940237045 0.0 0.004216575063765049 0.9903804659843445 0.1383066028356552 0.0 0.060629889369010925 -0.13830657303333282 0.9885318875312805 0.0 0.0 0.0 0.0 1.0 
0.9017393589019775 -0.3843781650066376 0.19778673350811005 0.0 0.3843781650066376 0.9223097562789917 0.03997651860117912 0.0 -0.19778673350811005 0.039976488798856735 0.9794296026229858 0.0 0.0 0.0 0.0 1.0 
1.0 0.0 0.0 0.0 0.0 1.0 0.0 0.0 0.0 0.0 1.0 0.0 0.0 0.0 0.0 1.0 
0.9994660019874573 -0.003089820733293891 -0.032529160380363464 0.0 -0.007907889783382416 0.9430528879165649 -0.33254873752593994 0.0 0.03170423582196236 0.33262839913368225 0.9425249099731445 0.0 0.0 0.0 0.0 1.0 
0.939083456993103 -0.34368759393692017 0.0010154079645872116 0.0 0.3436875343322754 0.9390840530395508 0.00025553599698469043 0.0 -0.001041378010995686 0.00010901347559411079 0.999999463558197 0.0 0.0 0.0 0.0 1.0 
0.9991139769554138 -0.04208581522107124 0.0003209285205230117 0.0 0.042085472494363785 0.9991135001182556 0.0010101842926815152 0.0 -0.0003631584404502064 -0.0009957827860489488 0.999999463558197 0.0 0.0 0.0 0.0 1.0 
