1.0 0.0 0.0 -6.713097352273469e-20 0.0 1.0 0.0 0.04024733975529671 0.0 0.0 1.0 0.002092479495331645 0.0 0.0 0.0 1.0 
1.0 -6.367603333501393e-08 -4.270717113286082e-09 0.0 6.367603333501393e-08 0.9910436868667603 0.13353827595710754 0.0 -4.270719777821341e-09 -0.13353827595710754 0.9910436868667603 0.0 0.0 0.0 0.0 1.0 
0.9996481537818909 -0.000802458031103015 -0.02651277929544449 0.0 -0.0008027843432500958 0.9981690645217896 -0.060479916632175446 0.0 0.026512768119573593 0.060479920357465744 0.9978172183036804 0.0 0.0 0.0 0.0 1.0 
0.9426177740097046 0.2968764305114746 -0.1527615785598755 0.0 -0.2968764305114746 0.9546304941177368 0.02334548346698284 0.0 0.15276159346103668 0.023345453664660454 0.9879872798919678 0.0 0.0 0.0 0.0 1.0 
1.0 0.0 0.0 0.0 0.0 1.0 0.0 0.0 0.0 0.0 1.0 0.0 0.0 0.0 0.0 1.0 
0.9999975562095642 0.00018930144142359495 -0.0021902143489569426 0.0 -0.0001395350118400529 0.999742329120636 0.022700050845742226 0.0 0.0021939470898360014 -0.022699691355228424 0.999739944934845 0.0 0.0 0.0 0.0 1.0 
0.974264919757843 0.22540493309497833 -0.0006689741858281195 0.0 -0.22540488839149475 0.9742651581764221 0.00012497520947363228 0.0 0.000679928227327764 2.903112726926338e-05 0.9999997615814209 0.0 0.0 0.0 0.0 1.0 
0.9998385906219482 0.017967071384191513 -0.00014214935072232038 0.0 -0.01796700805425644 0.9998384714126587 0.0004295214603189379 0.0 0.00014984363224357367 -0.0004268981283530593 0.9999998807907104 0.0 0.0 0.0 0.0 1.0 
0.9999147057533264 0.0001946196862263605 -0.0130583755671978 0.0 0.00019446936494205147 0.9995561838150024 0.029788242653012276 0.0 0.013058378361165524 -0.029788240790367126 0.9994709491729736 0.0 0.0 0.0 0.0 1.0 
0.9254227876663208 -0.3369453549385071 0.1733795553445816 0.0 0.3369453549385071 0.9410352110862732 0.030341099947690964 0.0 -0.1733795702457428 0.030341099947690964 0.9843875765800476 0.0 0.0 0.0 0.0 1.0 
1.0 0.0 0.0 0.0 0.0 1.0 0.0 0.0 0.0 0.0 1.0 0.0 0.0 0.0 0.0 1.0 
0.9991998672485352 -0.00531233474612236 -0.03964054957032204 0.0 -0.011166363023221493 0.9146720170974731 -0.4040425717830658 0.0 0.03840450942516327 0.4041619300842285 0.9138808250427246 0.0 0.0 0.0 0.0 1.0 
0.3602627217769623 -0.9328470826148987 0.0026554318610578775 0.0 0.9328462481498718 0.36026841402053833 0.002112728077918291 0.0 -0.0029275203123688698 0.001715972670353949 0.9999942183494568 0.0 0.0 0.0 0.0 1.0 
0.9205107688903809 0.39068424701690674 -0.005069538485258818 0.0 -0.3907150328159332 0.9204708933830261 -0.00866505317389965 0.0 0.0012810630723834038 0.009957020170986652 0.9999496340751648 0.0 0.0 0.0 0.0 1.0 
