1.0 0.0 0.0 -6.713097352273469e-20 0.0 1.0 0.0 0.044918905943632126 0.0 0.0 1.0 0.0023353565484285355 0.0 0.0 0.0 1.0 
1.0 -6.367603333501393e-08 -4.270717113286082e-09 0.0 6.367603333501393e-08 0.9910436868667603 0.13353827595710754 0.0 -4.270719777821341e-09 -0.13353827595710754 0.9910436868667603 0.0 0.0 0.0 0.0 1.0 
0.9999147057533264 -0.00019461823103483766 0.013058368116617203 0.0 -0.0001944708201335743 0.9995561838150024 0.02978825941681862 0.0 -0.013058370910584927 -0.02978825755417347 0.9994709491729736 0.0 0.0 0.0 0.0 1.0 
0.9254227876663208 0.3369453549385071 -0.1733795702457428 0.0 -0.3369453549385071 0.9410352110862732 0.030341118574142456 0.0 0.173379585146904 0.03034108690917492 0.9843875765800476 0.0 0.0 0.0 0.0 1.0 
1.0 0.0 0.0 0.0 0.0 1.0 0.0 0.0 0.0 0.0 1.0 0.0 0.0 0.0 0.0 1.0 
0.9999694228172302 -0.0002695849980227649 0.007815767079591751 0.0 0.0008993940427899361 0.9967387914657593 -0.08069082349538803 0.0 -0.007768525276333094 0.08069539070129395 0.9967085123062134 0.0 0.0 0.0 0.0 1.0 
0.9727246165275574 0.23196183145046234 -0.000688312342390418 0.0 -0.23196180164813995 0.9727249145507812 0.0001310333755100146 0.0 0.0006999333272688091 3.2202773581957445e-05 0.9999997615814209 0.0 0.0 0.0 0.0 1.0 
0.9989882707595825 0.0449695810675621 -0.00034137137117795646 0.0 -0.044969189912080765 0.9989877939224243 0.0010799303418025374 0.0 0.00038958986988291144 -0.001063486677594483 0.9999993443489075 0.0 0.0 0.0 0.0 1.0 
0.9996481537818909 0.0008024596027098596 0.026512760668992996 0.0 0.0008027820149436593 0.9981690645217896 -0.06047993153333664 0.0 -0.0265127494931221 0.06047993525862694 0.9978172183036804 0.0 0.0 0.0 0.0 1.0 
0.9426177740097046 -0.29687637090682983 0.1527615785598755 0.0 0.29687637090682983 0.9546304941177368 0.02334546484053135 0.0 -0.1527615785598755 0.0233454629778862 0.9879872798919678 0.0 0.0 0.0 0.0 1.0 
1.0 0.0 0.0 0.0 0.0 1.0 0.0 0.0 0.0 0.0 1.0 0.0 0.0 0.0 0.0 1.0 
0.9995760321617126 -0.0022129209246486425 -0.029032539576292038 0.0 -0.006519149988889694 0.954784631729126 -0.29722675681114197 0.0 0.028377562761306763 0.29729002714157104 0.9543654322624207 0.0 0.0 0.0 0.0 1.0 
0.33447176218032837 -0.9424019455909729 0.0026785803493112326 0.0 0.942401111125946 0.3344776928424835 0.002191947540268302 0.0 -0.002961620921269059 0.0017911525210365653 0.9999940395355225 0.0 0.0 0.0 0.0 1.0 
0.9034255146980286 0.4287060499191284 -0.00578572042286396 0.0 -0.42874348163604736 0.9033770561218262 -0.009432408027350903 0.0 0.0011829566210508347 0.011002067476511002 0.9999387860298157 0.0 0.0 0.0 0.0 1.0 
