1.0 0.0 0.0 -6.713097352273469e-20 0.0 1.0 0.0 0.015811458230018616 0.0 0.0 1.0 0.0008220456074923277 0.0 0.0 0.0 1.0 
1.0 -6.367603333501393e-08 -4.270717113286082e-09 0.0 6.367603333501393e-08 0.9910436868667603 0.13353827595710754 0.0 -4.270719777821341e-09 -0.13353827595710754 0.9910436868667603 0.0 0.0 0.0 0.0 1.0 
0.9962033033370972 -0.00866140890866518 0.08662544935941696 0.0 -0.008660380728542805 0.9802430868148804 0.1976068615913391 0.0 -0.08662555366754532 -0.19760681688785553 0.9764463901519775 0.0 0.0 0.0 0.0 1.0 
0.8872302174568176 0.4102061986923218 -0.21107685565948486 0.0 -0.4102061986923218 0.9108380675315857 0.04587941989302635 0.0 0.21107685565948486 0.04587941616773605 0.9763921499252319 0.0 0.0 0.0 0.0 1.0 
1.0 0.0 0.0 0.0 0.0 1.0 0.0 0.0 0.0 0.0 1.0 0.0 0.0 0.0 0.0 1.0 
0.9986438751220703 0.01021426822990179 0.0510496161878109 0.0 0.017715439200401306 0.855377733707428 -0.5177016854286194 0.0 -0.04895465075969696 0.5179039835929871 0.854036808013916 0.0 0.0 0.0 0.0 1.0 
0.6095402240753174 0.7927518486976624 -0.002288993913680315 0.0 -0.7927513718605042 0.6095436811447144 0.0013370076194405556 0.0 0.002455156994983554 0.0009996428852900863 0.9999964833259583 0.0 0.0 0.0 0.0 1.0 
0.9878990054130554 -0.15509071946144104 0.001548842410556972 0.0 0.1550954133272171 0.9878929257392883 -0.003597788978368044 0.0 -0.0009721068199723959 0.0037944705691188574 0.999992311000824 0.0 0.0 0.0 0.0 1.0 
0.9949479699134827 0.011523931287229061 0.09972843527793884 0.0 0.011525128036737442 0.9737106561660767 -0.22749651968479156 0.0 -0.0997283011674881 0.22749657928943634 0.9686586260795593 0.0 0.0 0.0 0.0 1.0 
0.9690195322036743 -0.21961508691310883 0.11300577223300934 0.0 0.21961508691310883 0.9755051732063293 0.012604142539203167 0.0 -0.11300577223300934 0.01260411273688078 0.993514358997345 0.0 0.0 0.0 0.0 1.0 
1.0 0.0 0.0 0.0 0.0 1.0 0.0 0.0 0.0 0.0 1.0 0.0 0.0 0.0 0.0 1.0 
0.9999462366104126 -0.0013286520261317492 0.010286794975399971 0.0 0.00022076685854699463 0.9942632913589478 0.10695992410182953 0.0 -0.010369895026087761 -0.10695189982652664 0.9942101240158081 0.0 0.0 0.0 0.0 1.0 
0.9756278991699219 -0.21943047642707825 0.0006513448897749186 0.0 0.21943044662475586 0.975628137588501 0.00011957660899497569 0.0 -0.0006617091712541878 2.6262609026161954e-05 0.9999997615814209 0.0 0.0 0.0 0.0 1.0 
0.9812085032463074 0.19293975830078125 -0.0020159846171736717 0.0 -0.19294704496860504 0.9811990857124329 -0.004445397295057774 0.0 0.001120388275012374 0.004750839900225401 0.9999880790710449 0.0 0.0 0.0 0.0 1.0 
