1.0 0.0 0.0 -6.713097352273469e-20 0.0 1.0 0.0 0.00467156246304512 0.0 0.0 1.0 0.00024287705309689045 0.0 0.0 0.0 1.0 
1.0 -6.367603333501393e-08 -4.270717113286082e-09 0.0 6.367603333501393e-08 0.9910436868667603 0.13353827595710754 0.0 -4.270719777821341e-09 -0.13353827595710754 0.9910436868667603 0.0 0.0 0.0 0.0 1.0 
0.9931869506835938 -0.015540927648544312 -0.11549073457717896 0.0 -0.015542319044470787 0.9645470380783081 -0.26345300674438477 0.0 0.11549054831266403 0.26345309615135193 0.9577339887619019 0.0 0.0 0.0 0.0 1.0 
0.9738059043884277 0.2021843045949936 -0.10403653234243393 0.0 -0.2021843045949936 0.9792895317077637 0.010656864382326603 0.0 0.10403653234243393 0.01065683364868164 0.9945163726806641 0.0 0.0 0.0 0.0 1.0 
1.0 0.0 0.0 0.0 0.0 1.0 0.0 0.0 0.0 0.0 1.0 0.0 0.0 0.0 0.0 1.0 
0.9999234676361084 0.0017118763644248247 -0.01225409284234047 0.0 -0.00013531465083360672 0.9918364882469177 0.12751634418964386 0.0 0.012372348457574844 -0.12750491499900818 0.991760790348053 0.0 0.0 0.0 0.0 1.0 
0.9757966995239258 0.21867862343788147 -0.0006491257809102535 0.0 -0.21867859363555908 0.9757969379425049 0.00011890543828485534 0.0 0.0006594170117750764 2.5922379791154526e-05 0.9999997615814209 0.0 0.0 0.0 0.0 1.0 
0.9711834192276001 -0.23831886053085327 0.0026237936690449715 0.0 0.23833002150058746 0.9711689352989197 -0.005445376969873905 0.0 -0.0012504111509770155 0.005913788452744484 0.9999817609786987 0.0 0.0 0.0 0.0 1.0 
0.9946556091308594 0.012192045338451862 -0.102525994181633 0.0 0.01219082623720169 0.9721893668174744 0.23387876152992249 0.0 0.10252613574266434 -0.23387868702411652 0.9668449759483337 0.0 0.0 0.0 0.0 1.0 
0.8777409791946411 -0.4260413348674774 0.21922510862350464 0.0 0.4260413348674774 0.9033353328704834 0.049740053713321686 0.0 -0.21922510862350464 0.049740053713321686 0.9744055867195129 0.0 0.0 0.0 0.0 1.0 
1.0 0.0 0.0 0.0 0.0 1.0 0.0 0.0 0.0 0.0 1.0 0.0 0.0 0.0 0.0 1.0 
0.9984297156333923 -0.01215958222746849 -0.05468320846557617 0.0 -0.02018103562295437 0.8325377702713013 -0.5536006093025208 0.0 0.05225738510489464 0.553834855556488 0.8309850096702576 0.0 0.0 0.0 0.0 1.0 
0.6310793161392212 -0.7757150530815125 0.002242495771497488 0.0 0.7757145762443542 0.6310825943946838 0.0012689178111031651 0.0 -0.002399518620222807 0.0009387490572407842 0.9999966621398926 0.0 0.0 0.0 0.0 1.0 
0.9980165362358093 0.06294981390237808 -0.0005588778876699507 0.0 -0.06295058131217957 0.9980155229568481 -0.0014840958174318075 0.0 0.0004643452703021467 0.0015163338975980878 0.9999987483024597 0.0 0.0 0.0 0.0 1.0 
