1.0 0.0 0.0 -6.713097352273469e-20 0.0 1.0 0.0 0.004671569913625717 0.0 0.0 1.0 0.00024287705309689045 0.0 0.0 0.0 1.0 
1.0 -6.367603333501393e-08 -4.270717113286082e-09 0.0 6.367603333501393e-08 0.9910436868667603 0.13353827595710754 0.0 -4.270719777821341e-09 -0.13353827595710754 0.9910436868667603 0.0 0.0 0.0 0.0 1.0 
0.9945035576820374 -0.012538941577076912 0.10394943505525589 0.0 -0.012537705712020397 0.9713980555534363 0.23712585866451263 0.0 -0.10394958406686783 -0.23712579905986786 0.9659015536308289 0.0 0.0 0.0 0.0 1.0 
0.8768671751022339 0.4274615943431854 -0.21995583176612854 0.0 -0.4274615943431854 0.9026444554328918 0.05009553208947182 0.0 0.21995583176612854 0.05009553208947182 0.974222719669342 0.0 0.0 0.0 0.0 1.0 
1.0 0.0 0.0 0.0 0.0 1.0 0.0 0.0 0.0 0.0 1.0 0.0 0.0 0.0 0.0 1.0 
0.99844890832901 0.011984213255345821 0.0543704591691494 0.0 0.019960978999733925 0.8345852494239807 -0.5505170822143555 0.0 -0.05197430029511452 0.5507484674453735 0.8330515027046204 0.0 0.0 0.0 0.0 1.0 
0.7002339363098145 0.7139104604721069 -0.0020722541958093643 0.0 -0.7139101028442383 0.7002366185188293 0.0010488711996003985 0.0 0.0021998684387654066 0.0007449477561749518 0.9999973177909851 0.0 0.0 0.0 0.0 1.0 
0.9989506602287292 -0.045797448605298996 0.0003972132399212569 0.0 0.04579785466194153 0.9989501237869263 -0.0010829075472429395 0.0 -0.0003472018288448453 0.001099962741136551 0.9999993443489075 0.0 0.0 0.0 0.0 1.0 
0.9930158257484436 0.01593135856091976 0.1169007420539856 0.0 0.015932759270071983 0.9636563658714294 -0.2666693329811096 0.0 -0.11690054833889008 0.2666694223880768 0.956672191619873 0.0 0.0 0.0 0.0 1.0 
0.9742182493209839 -0.20060749351978302 0.10322515666484833 0.0 0.20060749351978302 0.9796155691146851 0.010489096865057945 0.0 -0.10322515666484833 0.010489067062735558 0.9946026802062988 0.0 0.0 0.0 0.0 1.0 
1.0 0.0 0.0 0.0 0.0 1.0 0.0 0.0 0.0 0.0 1.0 0.0 0.0 0.0 0.0 1.0 
0.9999269843101501 -0.001653545768931508 0.011968150734901428 0.0 0.00015033494855742902 0.9922162890434265 0.12452645599842072 0.0 -0.012080904096364975 -0.12451557070016861 0.9921441078186035 0.0 0.0 0.0 0.0 1.0 
0.9757965207099915 -0.2186795473098755 0.0006491284584626555 0.0 0.2186795175075531 0.9757966995239258 0.0001189062386401929 0.0 -0.0006594197475351393 2.592280179669615e-05 0.9999997615814209 0.0 0.0 0.0 0.0 1.0 
0.9594810009002686 0.28175443410873413 -0.003255636664107442 0.0 -0.28177013993263245 0.9594606757164001 -0.006385505199432373 0.0 0.001324511133134365 0.007044111844152212 0.9999743103981018 0.0 0.0 0.0 0.0 1.0 
