1.0 0.0 0.0 0.0 0.0 1.0 0.0 0.0 0.0 0.0 1.0 0.0 0.0 0.0 0.0 1.0 
1.0 -6.367603333501393e-08 -4.270717113286082e-09 0.0 6.367603333501393e-08 0.9910436868667603 0.13353827595710754 0.0 -4.270719777821341e-09 -0.13353827595710754 0.9910436868667603 0.0 0.0 0.0 0.0 1.0 
0.9938026666641235 -0.014137820340692997 0.110256128013134 0.0 -0.014136509038507938 0.9677508473396301 0.25151243805885315 0.0 -0.11025629937648773 -0.251512348651886 0.9615534543991089 0.0 0.0 0.0 0.0 1.0 
0.8729459047317505 0.4337608218193054 -0.22319720685482025 0.0 -0.4337608218193054 0.8995441198348999 0.05169088765978813 0.0 0.22319722175598145 0.051690857857465744 0.9734017848968506 0.0 0.0 0.0 0.0 1.0 
1.0 0.0 0.0 0.0 0.0 1.0 0.0 0.0 0.0 0.0 1.0 0.0 0.0 0.0 0.0 1.0 
0.9983779788017273 0.012633144855499268 0.055514395236968994 0.0 0.020773299038410187 0.8270187973976135 -0.5617903470993042 0.0 -0.05300862714648247 0.5620323419570923 0.8254148960113525 0.0 0.0 0.0 0.0 1.0 
0.7350824475288391 0.6779748797416687 -0.0019720899872481823 0.0 -0.6779745817184448 0.7350847721099854 0.0009369612671434879 0.0 0.002084889682009816 0.0006482829921878874 0.999997615814209 0.0 0.0 0.0 0.0 1.0 
1.0 0.0 0.0 0.0 0.0 1.0 0.0 0.0 0.0 0.0 1.0 0.0 0.0 0.0 0.0 1.0 
0.9922303557395935 0.017723029479384422 0.12314530462026596 0.0 0.017724506556987762 0.9595692157745361 -0.28091421723365784 0.0 -0.12314509600400925 0.280914306640625 0.9517995715141296 0.0 0.0 0.0 0.0 1.0 
0.9760130643844604 -0.19358667731285095 0.0996125265955925 0.0 0.19358667731285095 0.9810346364974976 0.009758871048688889 0.0 -0.0996125265955925 0.009758870117366314 0.9949784278869629 0.0 0.0 0.0 0.0 1.0 
1.0 0.0 0.0 0.0 0.0 1.0 0.0 0.0 0.0 0.0 1.0 0.0 0.0 0.0 0.0 1.0 
0.9999215006828308 -0.0017437549540773034 0.01240853313356638 0.0 0.00012683267414104193 0.9916274547576904 0.1291315108537674 0.0 -0.01252981647849083 -0.12911979854106903 0.9915498495101929 0.0 0.0 0.0 0.0 1.0 
0.9758205413818359 -0.21857227385044098 0.0006488118669949472 0.0 0.2185722440481186 0.975820779800415 0.00011881062528118491 0.0 -0.0006590927951037884 2.587440758361481e-05 0.9999997615814209 0.0 0.0 0.0 0.0 1.0 
0.9480211138725281 0.31818440556526184 -0.003824832383543253 0.0 -0.3182045519351959 0.9479950666427612 -0.007160604931414127 0.0 0.0013475295854732394 0.008005484007298946 0.9999670386314392 0.0 0.0 0.0 0.0 1.0 
