1.0 0.0 0.0 0.0 0.0 1.0 0.0 0.004671565257012844 0.0 0.0 1.0 0.00024287706764880568 0.0 0.0 0.0 1.0 
1.0 -6.367603333501393e-08 -4.270717113286082e-09 0.0 6.367603333501393e-08 0.9910436868667603 0.13353827595710754 0.0 -4.270719777821341e-09 -0.13353827595710754 0.9910436868667603 0.0 0.0 0.0 0.0 1.0 
0.9930158257484436 -0.015931351110339165 -0.1169007197022438 0.0 -0.015932761132717133 0.9636563658714294 -0.2666693329811096 0.0 0.11690052598714828 0.2666694223880768 0.956672191619873 0.0 0.0 0.0 0.0 1.0 
0.9742182493209839 0.20060744881629944 -0.10322515666484833 0.0 -0.20060744881629944 0.9796155691146851 0.010489081963896751 0.0 0.10322515666484833 0.010489080101251602 0.9946026802062988 0.0 0.0 0.0 0.0 1.0 
1.0 0.0 0.0 0.0 0.0 1.0 0.0 0.0 0.0 0.0 1.0 0.0 0.0 0.0 0.0 1.0 
0.9999512434005737 0.0012398288818076253 -0.009797156788408756 0.0 -0.0002355627075303346 0.9947998523712158 0.10184896737337112 0.0 0.009872485883533955 -0.10184169560670853 0.9947516322135925 0.0 0.0 0.0 0.0 1.0 
0.9485529065132141 0.3166172504425049 -0.0009364213910885155 0.0 -0.3166171908378601 0.9485533833503723 0.000221252950723283 0.0 0.000958298216573894 8.661703031975776e-05 0.9999995231628418 0.0 0.0 0.0 0.0 1.0 
0.9282687306404114 -0.3718799948692322 0.004731893073767424 0.0 0.3719077706336975 0.9282327890396118 -0.008279875852167606 0.0 -0.0013131782179698348 0.009445777162909508 0.9999545216560364 0.0 0.0 0.0 0.0 1.0 
0.9945035576820374 0.012538942508399487 -0.10394945740699768 0.0 0.012537706643342972 0.9713980555534363 0.23712581396102905 0.0 0.10394960641860962 -0.23712575435638428 0.9659015536308289 0.0 0.0 0.0 0.0 1.0 
0.8768671751022339 -0.42746150493621826 0.21995583176612854 0.0 0.42746150493621826 0.9026445150375366 0.05009554326534271 0.0 -0.21995584666728973 0.050095513463020325 0.974222719669342 0.0 0.0 0.0 0.0 1.0 
1.0 0.0 0.0 0.0 0.0 1.0 0.0 0.0 0.0 0.0 1.0 0.0 0.0 0.0 0.0 1.0 
0.9985659718513489 -0.010919257067143917 -0.052410025149583817 0.0 -0.018615487962961197 0.8470667004585266 -0.5311604738235474 0.0 0.05019466578960419 0.5313743948936462 0.8456487059593201 0.0 0.0 0.0 0.0 1.0 
0.8249586224555969 -0.5651907324790955 0.0016537492629140615 0.0 0.5651904940605164 0.8249601721763611 0.0006440909346565604 0.0 -0.001728311413899064 0.00040333502693101764 0.9999984502792358 0.0 0.0 0.0 0.0 1.0 
0.9997590780258179 -0.021948065608739853 0.00017263776680920273 0.0 0.02194797247648239 0.9997589588165283 0.0005250220419839025 0.0 -0.00018411937344353646 -0.0005211065290495753 0.9999998211860657 0.0 0.0 0.0 0.0 1.0 
