1.0 0.0 0.0 0.0 0.0 1.0 0.0 0.040247343480587006 0.0 0.0 1.0 0.002092479495331645 0.0 0.0 0.0 1.0 
1.0 -6.367603333501393e-08 -4.270717113286082e-09 0.0 6.367603333501393e-08 0.9910436868667603 0.13353827595710754 0.0 -4.270719777821341e-09 -0.13353827595710754 0.9910436868667603 0.0 0.0 0.0 0.0 1.0 
0.9991177916526794 -0.00201216759160161 -0.04194706305861473 0.0 -0.0020126786548644304 0.9954093098640442 -0.09568806737661362 0.0 0.04194704070687294 0.09568807482719421 0.9945271611213684 0.0 0.0 0.0 0.0 1.0 
0.9487555027008057 0.2809930741786957 -0.1445886194705963 0.0 -0.2809930741786957 0.9594833254814148 0.020848385989665985 0.0 0.1445886194705963 0.020848384127020836 0.9892721772193909 0.0 0.0 0.0 0.0 1.0 
1.0 0.0 0.0 0.0 0.0 1.0 0.0 0.0 0.0 0.0 1.0 0.0 0.0 0.0 0.0 1.0 
0.9998350739479065 0.00034597699414007366 0.0181582048535347 0.0 0.0030508902855217457 0.982410728931427 -0.18670779466629028 0.0 -0.017903411760926247 0.18673241138458252 0.9822476506233215 0.0 0.0 0.0 0.0 1.0 
0.42852070927619934 0.9035283327102661 -0.00258224131539464 0.0 -0.9035276174545288 0.42852580547332764 0.0019022378837689757 0.0 0.00282528274692595 0.0015179774491116405 0.9999948740005493 0.0 0.0 0.0 0.0 1.0 
0.9039543271064758 -0.42759016156196594 0.005764049012213945 0.0 0.4276273548603058 0.9039061069488525 -0.009410110302269459 0.0 -0.0011864890111610293 0.010971175506711006 0.9999390840530396 0.0 0.0 0.0 0.0 1.0 
0.9995925426483154 0.0009296194766648114 -0.028528280556201935 0.0 0.0009292843751609325 0.9978797435760498 0.06507766991853714 0.0 0.02852829173207283 -0.06507766246795654 0.99747234582901 0.0 0.0 0.0 0.0 1.0 
0.9181007742881775 -0.3524268567562103 0.18134577572345734 0.0 0.3524268567562103 0.9352459907531738 0.033320020884275436 0.0 -0.18134577572345734 0.03331999108195305 0.9828547835350037 0.0 0.0 0.0 0.0 1.0 
1.0 0.0 0.0 0.0 0.0 1.0 0.0 0.0 0.0 0.0 1.0 0.0 0.0 0.0 0.0 1.0 
0.9998078346252441 -0.0005202008178457618 -0.019597453996539116 0.0 -0.0034379055723547935 0.9795045256614685 -0.20139265060424805 0.0 0.019300559535622597 0.201421320438385 0.9793145060539246 0.0 0.0 0.0 0.0 1.0 
0.9638941287994385 -0.26628467440605164 0.0007891429122537374 0.0 0.26628461480140686 0.9638944268226624 0.0001648097822908312 0.0 -0.0008045367430895567 5.127742042532191e-05 0.9999997019767761 0.0 0.0 0.0 0.0 1.0 
0.9990046620368958 -0.04460467770695686 0.00033879559487104416 0.0 0.04460429400205612 0.9990041851997375 0.0010711012873798609 0.0 -0.00038623434375040233 -0.0010549233993515372 0.9999993443489075 0.0 0.0 0.0 0.0 1.0 
